38

4 0 0 0 0 1 0 0 2 2 2 1
5 2 0 2 0 1 0 0 2 2 2 2
6 0 2 2 0 1 0 0 2 2 2 2
5 -2 0 2 0 0 1 0 2 2 2 2
6 0 -2 2 0 1 0 0 2 2 2 2
2 0 0 0 0 0 0 0 0.2 0.2 0.2 2
0 1.5 1.5 0.5 0 0 0 0 1 1 1 0
1 -1 -1 1 0 0 0 0 0.8 0.8 0.8 0
3 0 0 2 0 0 0 0 0.005 0.005 0.005 0
3 0 0 2 0 0 0 0 0.005 0.005 0.005 0
3 0 0 2 0 0 0 0 0.005 0.005 0.005 0
3 0 0 2 0 0 0 0 0.005 0.005 0.005 0
3 0 0 2 0 0 0 0 0.005 0.005 0.005 0
3 0 0 2 0 0 0 0 0.005 0.005 0.005 0
3 0 0 2 0 0 0 0 0.005 0.005 0.005 0
3 0 0 2 0 0 0 0 0.005 0.005 0.005 0
3 0 0 2 0 0 0 0 0.005 0.005 0.005 0
3 0 0 2 0 0 0 0 0.005 0.005 0.005 0
3 0 0 2 0 0 0 0 0.005 0.005 0.005 0
3 0 0 2 0 0 0 0 0.005 0.005 0.005 0
3 0 0 2 0 0 0 0 0.005 0.005 0.005 0
3 0 0 2 0 0 0 0 0.005 0.005 0.005 0
3 0 0 2 0 0 0 0 0.005 0.005 0.005 0
3 0 0 2 0 0 0 0 0.005 0.005 0.005 0
3 0 0 2 0 0 0 0 0.005 0.005 0.005 0
3 0 0 2 0 0 0 0 0.005 0.005 0.005 0
3 0 0 2 0 0 0 0 0.005 0.005 0.005 0
3 0 0 2 0 0 0 0 0.005 0.005 0.005 0
3 0 0 2 0 0 0 0 0.005 0.005 0.005 0
3 0 0 2 0 0 0 0 0.005 0.005 0.005 0
3 0 0 2 0 0 0 0 0.005 0.005 0.005 0
3 0 0 2 0 0 0 0 0.005 0.005 0.005 0
3 0 0 2 0 0 0 0 0.005 0.005 0.005 0
3 0 0 2 0 0 0 0 0.005 0.005 0.005 0
3 0 0 2 0 0 0 0 0.005 0.005 0.005 0
3 0 0 2 0 0 0 0 0.005 0.005 0.005 0
3 0 0 2 0 0 0 0 0.005 0.005 0.005 0
3 0 0 2 0 0 0 0 0.005 0.005 0.005 0



